Befo	
-1	0	128		1	-1	1		5830
0	0	4
-1	-1	129		0	-1	1		5729
-1	0	128		0	1	1		5754
-1	0	128		-1	1	1		5779
-1	0	129		1	-1	-1		5804
-1	0	128		1	-1	1		5830
0	0	4
-1	-1	129		0	-1	1		5729
-1	0	128		0	1	1		5754
-1	0	128		-1	1	1		5779
-1	0	129		1	-1	-1		5804
-1	0	128		1	-1	1		5830
0	0	Before Acc init
Acc init done, starting gyro init
Gyro init done
-1	0	129		-1	-1	1		3
-1	0	129		-1	0	0		16
0	0	129		0	-1	0		30
-1	0	129		0	0	0		43
0	0	128		0	0	0		56
-1	0	129		-1	-1	0		70
-2	0	128		0	-1	0		88
-1	0	129		-1	-1	2		112
0	0	128		-1	-1	1		135
0	0	127		3	2	1		158
-1	0	128		1	0	1		180
-1	0	128		0	-1	0		204
-1	0	128		-1	1	2		228
0	-1	129		1	0	0		251
-1	0	128		-1	0	0		275
-1	0	129		0	-2	0		299
-1	0	128		1	0	0		322
0	-1	129		0	0	1		344
-1	-1	128		0	-1	0		370
-1	0	129		-2	-1	1		394
-1	0	128		-1	1	0		418
-1	0	128		-1	1	0		442
0	-1	129		0	-1	0		466
-2	0	128		1	0	0		490
-1	0	128		0	-1	-1		514
-